{
 "cells": [
  {
   "cell_type": "code",
   "execution_count": 4,
   "metadata": {},
   "outputs": [],
   "source": [
    "import pandas as pd\n",
    "import numpy as np\n",
    "import json\n",
    "import matplotlib.pyplot as plt\n",
    "# Construct the filename\n",
    "filename = \"asset.csv\"\n",
    "data = pd.read_csv(filename)\n",
    "\n",
    "asset_list = data[\"Asset\"].unique()\n",
    "# get random 4 assets_list in asset_list\n",
    "np.random.seed(0)\n",
    "np.random.shuffle(asset_list)\n",
    "asset_list = asset_list\n",
    "\n",
    "exp_ret = {}\n",
    "return_list = []\n",
    "for asset in asset_list:\n",
    "    open_price = np.array(data[data[\"Asset\"] == asset][\"Open\"].astype(\"float\"))\n",
    "    close_price = np.array(data[data[\"Asset\"] == asset][\"Close\"].astype(\"float\"))\n",
    "        \n",
    "    # Sign will be used to indicate the value gradient direction\n",
    "    returns = ((close_price - open_price)/open_price)\n",
    "    exp_ret[asset] = returns.mean()\n",
    "    return_list.append(returns)\n",
    "\n",
    "# Expected return on each asset\n",
    "return_list = np.array(return_list)\n",
    "mu = [i for i in exp_ret.values()]   \n",
    "sigma = np.cov((return_list))\n"
   ]
  },
  {
   "cell_type": "code",
   "execution_count": 6,
   "metadata": {},
   "outputs": [
    {
     "data": {
      "text/plain": [
       "97"
      ]
     },
     "execution_count": 6,
     "metadata": {},
     "output_type": "execute_result"
    }
   ],
   "source": [
    "(asset_list.shape[0])"
   ]
  },
  {
   "cell_type": "code",
   "execution_count": 13,
   "metadata": {},
   "outputs": [
    {
     "name": "stdout",
     "output_type": "stream",
     "text": [
      "{'mu': [0.0008997860530971459, 0.00048031255222815144, -0.0026702570589396614, 0.00011490019883617948, -0.0067722578709501855, -0.003387694966065574, -0.006203440378264109, -0.005970855696330369, -0.009121645304637285, -0.0035346909221779968, 0.000619347729741717, -0.007142994782177591, -0.007280182242733718, -0.006862751263610075, -0.0066154431755286415, 0.001426968671852744, -0.017945500398690348, -0.005054107096272072, -0.0036760987699527283, 1.6161951143817316e-05, -0.005579851002583727, -0.004246797696519351, 0.0037563082990246586, -0.006065654529636122, -0.007882804622604723, 0.0022604463765438522, -0.0040813514419045, -0.005619389373213806, -0.007977107056984597, -0.00470217490983761, -0.004366119339015517, 0.0040393323478814455, -0.009047007597081266, -0.008757751150963873, -0.005220788172540009, -0.00527452174872208, -0.0016930443464588582, -0.003857746586224708, -0.0024851844033551844, -0.00792885019987699, -0.0062799511996666476, 0.009543410726356878, -0.005223725213071626, -0.0022093473185391035, -0.005616510872338811, -0.011807824669000912, -0.0069264054907714236, -0.0029036236691319084, -0.003340043639534407, -0.00505674417464037, -0.007346212338112879, -0.004927625199511683, -0.00675916981502751, -0.004171706280521276, -0.004194430007033488, -0.0038472434362449193, -0.00286627403182445, -0.00757044817873288, -0.0036089098576812073, -0.004047311041292659, -0.007823115130267438, -0.0033226489966235394, -0.0038642032747969275, -0.004355575055408323, 0.0059453248131193, -0.0034900401791510944, -0.006450742363358247, -0.0040953242820585545, -0.004853708513812504, -0.004534459215706923, -0.004762062508528289, -0.003019460077238167, -0.005092871763060779, -0.0016374725460797416, -0.0013052899559855065, -0.006702067839331115, -0.0024123910781559147, -0.0014300368876800375, -0.005006852537833826, -0.003934533820964781, -0.0067781286813713175, -0.003940995402202806, 0.008513073734659688, -0.009363098491515412, -0.004485715253287262, -0.011380828801780924, -0.003280965952449259, -0.0025401199488729693, -0.0072436155199291285, -0.006254762364597605, -0.0037350411250976585, 0.0016271424231270714, -0.00538403080975456, -0.001415528840639182, -0.004606784668873105, -0.006537934697451312, -0.003403401684888853], 'sigma': [[0.00046808338742181294, 0.0004250619915858257, 0.0005567931957914983, 0.0002943607391731801, 0.0006169949687673984, 0.00036664401363681694, 0.0004849081773681162, 0.0006638996990898889, 0.000464716133282924, 0.00039781122665927076, 0.0004781175098166483, 0.0008552432138275034, 0.00035719433190536655, 0.00039977855757612106, 0.0006883845708207771, -0.000838292180600583, 0.0010791983860897578, 0.0004429008543677734, 0.00047967758816097286, 2.092857774551893e-06, 0.0009666089618145517, 0.0007308119177351594, 0.0003791428517601086, 0.0007107306360245889, 0.0005428669710620321, 0.00013923388958617336, 0.0005798867091485444, 0.0006475429143482327, 0.0004484805546407432, 0.0007015404334386455, 0.00063221220016333, 0.0005529385512860208, 0.0006617529737292231, 0.0006356668076073668, 0.0006434827892987032, 0.0006446367251179884, 0.0007019872097977137, 0.00041827461125497106, 0.0006362211270488486, 0.0005051847139371665, 0.0005289590882841815, 0.00013225576444972757, 0.0005897413703301302, 0.00033119327711465915, 0.0005951663622379283, 0.0003522708574557778, 0.0006700638898179134, 0.00038316088572256827, 0.0003877381949475548, 0.00044243075339752997, 0.0005205028026102647, 0.0005980584315251633, 0.0005578327089795517, 0.0005228764620553629, 0.0005692088166956838, 0.0005962043489619889, 0.000601693554942922, 0.0006979107485824155, 0.00039890312850756417, 0.0006357405179535995, 9.649760120353321e-05, 0.000523431231389603, 0.00031950476167468884, 0.0007232824920456188, 0.0005732775777602748, 0.000465835599665953, 0.0006236995849511023, 0.0006267725373028777, 0.0005553471928502004, 0.000494883375725246, 0.0005187458682905632, 0.0006127984309785309, 0.0005775315373534166, 0.0005922834833987339, 0.000431728932232129, 0.0005062431862620113, 0.00040967503025625, 0.00015614433298198944, 0.0005201700666247932, 0.0007339610803395035, 0.0006421579456190381, 0.0005749577476092595, -0.000670032883326938, 0.0007629070777916918, 0.00033303112424724744, 0.0007298813335246819, 0.0005360046054112, 0.0005563631402044571, 0.0004456833767359324, 0.0005827250223052259, 0.0004957721378424758, 0.0008377828735770347, 0.0004896415192506144, 0.000294854102957146, 0.00023768235481030924, 0.0006634222747396505, 0.0005255577955988367], [0.0004250619915858257, 0.0005333189363894745, 0.0006501373518632592, 0.0003584661738474393, 0.0006708153245122754, 0.00042436836416754383, 0.0005230988293105013, 0.0007686947450079539, 0.0004725240004914241, 0.0004615021816735579, 0.0007083923908430173, 0.0008662956969376805, 0.00039607470608332587, 0.0003446704147349981, 0.0007843405169980609, -0.0008973970626742998, 0.0013419711346878839, 0.0005244773256025085, 0.0004959571423947965, 2.28553820031094e-06, 0.0009517561373395464, 0.0008405086569278603, 0.00035243219393059957, 0.0008516375371917441, 0.0006178643685708111, 0.00010218059144894214, 0.0006686278106523059, 0.0008560046383970226, 0.00040892095221725666, 0.0007794703076223892, 0.0006570126517920925, 0.0005582532807169771, 0.0006733945218626419, 0.0007075515421693133, 0.0007679269661352257, 0.0007299987904111363, 0.0007755589838195039, 0.0004644572048433916, 0.0007505142422995247, 0.000591305195489426, 0.0005883249294889656, 0.00027521144350362584, 0.0007258247499205587, 0.00035752946686529706, 0.000644504851936342, 0.000498998378706983, 0.0007658112790955021, 0.00041046179531181444, 0.0004371031572263013, 0.0005093340181130452, 0.0006114240152110948, 0.000674663547200495, 0.0006416269414428932, 0.0006010069343780068, 0.0006369397552936401, 0.0006446104239334036, 0.0007944629486255369, 0.0007920533941937339, 0.0004991787445914827, 0.0007178986543490018, 0.00015567388160914978, 0.0005852652139060357, 0.0004072071050082914, 0.000728539476956664, 0.0007746577881623609, 0.0004304300785025418, 0.0007510138253994957, 0.0007001973912284096, 0.0006536105888980328, 0.0005634504397012203, 0.0006001553571361068, 0.0007717224372185004, 0.0006847996338624978, 0.0007536332315240068, 0.0007247465966139324, 0.0005648715088108792, 0.0004677612743201858, 3.7754420599961914e-05, 0.000587370029641446, 0.0008351363646281497, 0.0007407576500555676, 0.0006944159229076577, -0.000723709681177618, 0.000797838655004525, 0.0003539889534762339, 0.0008178229013156808, 0.0005284418929105803, 0.0006401779638420885, 0.00045505975618380634, 0.0006005327077575212, 0.0005923596704777707, 0.0007582708951922476, 0.0005482401381629795, 0.0003030938012661422, 0.000259035796830558, 0.0007460653130786153, 0.0005977882463186534], [0.0005567931957914983, 0.0006501373518632592, 0.001458618717349045, 0.0005430347661421192, 0.0011193965797102012, 0.0006316075551317152, 0.0009098757094116901, 0.001219642686126124, 0.0009082031538470253, 0.0005546870686413176, 0.0010791482965778758, 0.0015149873965690668, 0.0006196270587454469, 0.000736789055035815, 0.0011422765932168836, -0.0016215837823044664, 0.0023913121722296082, 0.0009358506419598588, 0.0008830309271664686, 3.010421254138619e-06, 0.0013731178248620054, 0.001472510241840172, 0.00042786333994512555, 0.0013731575538795478, 0.000939693645782472, 0.00036936852353171485, 0.0010347567558335125, 0.0013874962799889257, 0.0007544892448007208, 0.0012170316486879078, 0.001007403615721656, 0.0010047546758524411, 0.0011857123116995553, 0.0011730087457488274, 0.0012023986154310606, 0.00136493557244827, 0.0011683155912945752, 0.0006695478810081205, 0.0011924737268164884, 0.0010225521984899963, 0.0009074286767570556, 0.00039287418409558847, 0.0011436634379760734, 0.000460203063654671, 0.001025360323312057, 0.0008861035278837769, 0.0012291604251523907, 0.000616763773514747, 0.0007094260552632818, 0.0007817515593581034, 0.0011039437318312723, 0.0011616567251288444, 0.0011147373968981255, 0.0009602966720116627, 0.001014129726786617, 0.0011351940628249475, 0.0009871033492906613, 0.0013046732204678173, 0.0006957831747960103, 0.0012402613179801254, 0.00039766127748097765, 0.0009246075382340917, 0.0006244046955448561, 0.0013538306125211517, 0.0016252683706197092, 0.0007155330210952179, 0.0012143168075884354, 0.0010641961407084199, 0.0011177677716172497, 0.0009569044545853242, 0.0009477981224525175, 0.0011742889203949823, 0.0009733222933189252, 0.0012877698137984343, 0.0009133068911283813, 0.0008753322246595, 0.0007522918744455719, 0.00032020600164255563, 0.0009605604960109919, 0.0012829162574425428, 0.0012341552260208366, 0.001127785252702929, -0.0013296907216184587, 0.0014343229758373597, 0.0006436443172961706, 0.0014027156422165537, 0.0010784432694872935, 0.0010228091430906476, 0.0008201153056549247, 0.0010339444561561246, 0.0008746995835808189, 0.0009939643678786622, 0.0008977131884915923, 0.00027781176676863707, 0.0003818459875936913, 0.0011395683137365646, 0.0010188709942866273], [0.0002943607391731801, 0.0003584661738474393, 0.0005430347661421192, 0.0005922498424931435, 0.0005795447994005348, 0.00036748591838954776, 0.00043304689403372257, 0.0007149995397428116, 0.0004854384627383479, 0.00047510515472945605, 0.000561536320731619, 0.0008554838047118794, 0.0003619773320816204, 0.00034974505781110805, 0.0008158043059684812, -0.0006740745068640883, 0.0010541287314652333, 0.0004051406132958371, 0.0005197359515531913, 1.6330758786007215e-06, 0.0008325616301310689, 0.0008542280943993403, 0.00038757769742931445, 0.0007800219316830882, 0.0005442902564554241, 1.0380204822963576e-05, 0.0005866600819612116, 0.0009271178999149472, 0.000398274852075235, 0.000700415356610689, 0.0005712131962702817, 0.0004624536882361104, 0.0006844088820841519, 0.000728681507801256, 0.0006604867732483712, 0.0007176920884685331, 0.0006713871625639423, 0.00043840412573789995, 0.0007934004764995603, 0.0005498436788894463, 0.0005406576349070298, 0.00031851077112095326, 0.000652044803559724, 0.00029591587568418353, 0.0005784714977947906, 0.0004762227408867192, 0.0007043465514718625, 0.000427214749988897, 0.0003571131453273902, 0.0005128075097292302, 0.0005988328909986467, 0.0006735249109901922, 0.0006856682509297326, 0.0004966275024032238, 0.0005161458042888911, 0.0005285299778717161, 0.0005155971882540571, 0.0006949458477841, 0.0003526187428662454, 0.0006546941901652498, 3.2820994711212115e-05, 0.00046305295060812226, 0.00035901197334894973, 0.0006853807604369501, 0.0006794867831200238, 0.0004634105812292679, 0.0006033377666446795, 0.0006683593495409106, 0.0006459862479600831, 0.0005628816474393291, 0.0005074757626169301, 0.0006427294948434568, 0.0004965027867746248, 0.0006951633888010436, 0.000455013779090887, 0.0005416594955940163, 0.0003782885039423494, 1.0167361355648191e-05, 0.0005089539353316018, 0.000797787900161055, 0.000706078217609477, 0.0005763086099572673, -0.0006494962497524533, 0.0006396102373609605, 0.000302013967287096, 0.0008161810762355894, 0.0005238591794590108, 0.0005331782693255313, 0.0004307115425115492, 0.0006176413305616235, 0.0005135698906245497, 0.0005234753386421553, 0.0005222665941507099, 0.00019421134787918421, 0.0001992755330864714, 0.0006486634412060686, 0.0006258377667233534], [0.0006169949687673984, 0.0006708153245122754, 0.0011193965797102012, 0.0005795447994005348, 0.001447516648024174, 0.0008395330393745035, 0.0010504473264465162, 0.0015183293090613094, 0.0010857117542448877, 0.0008868452452520199, 0.0011059531837847355, 0.001658600448734515, 0.0007782396287426322, 0.0009131959239219976, 0.0014556039171075518, -0.0011812386306243876, 0.0024182634937458306, 0.0008359066162355938, 0.001055574601000392, 3.879382011036723e-06, 0.001866808561950839, 0.0016253791794323853, 0.00048668315410353003, 0.001558886427464441, 0.0010018888945717355, -0.00014835363396151422, 0.0013543598258873623, 0.0015459382363637263, 0.0008354544840978252, 0.0014576500787904755, 0.0013576201695659307, 0.0010141179237431425, 0.0014059383477131816, 0.0013013964442306458, 0.0013119554742673897, 0.0014076787191232986, 0.0012775992854480492, 0.0008244048143144922, 0.00142506431686104, 0.001230822562629406, 0.0011299779429615724, 0.0012408217674656622, 0.001387942351430728, 0.0006601770961295427, 0.0011890823912388934, 0.0010234014898444573, 0.0014876437284038354, 0.0008125050849474481, 0.0008351868331769221, 0.0009245401693113069, 0.0012302546705083963, 0.001360960777907099, 0.0012394142173353852, 0.001112387237175143, 0.0011309082972451529, 0.0012710749948963713, 0.001035392526192006, 0.0015282516384442144, 0.0007376956344630098, 0.0013825889181152177, 0.0003632108240570561, 0.00110259469953939, 0.0007782439817687712, 0.0014703869239638926, 0.0013620896041102541, 0.0008882279733516754, 0.0013442613806813344, 0.0011745838083046939, 0.001190079224465535, 0.0010956911960340629, 0.0011108479403635564, 0.001137657985709586, 0.0010423915195003118, 0.0014451477535278548, 0.0007650772563269459, 0.0010713695375079266, 0.0007824142631566166, 0.0007394498203031896, 0.0011682103521621122, 0.0015141323065424065, 0.0015133670340870566, 0.0014102531778939647, -0.0013951677188428124, 0.0014395495593177415, 0.000660858265285349, 0.0018078947764590071, 0.0010551741928079975, 0.0012327175227560992, 0.0010658662762229013, 0.0012407266528881092, 0.0010215577349503076, 0.001111972563576768, 0.0010671460987253106, 0.0003513074015504246, 0.0003834897591396843, 0.0014233137159154312, 0.0011402761880470137], [0.00036664401363681694, 0.00042436836416754383, 0.0006316075551317152, 0.00036748591838954776, 0.0008395330393745035, 0.0009599348944838886, 0.0006524497510885764, 0.0009373491402853528, 0.0006545070667165985, 0.0004985535339755411, 0.0008426841129375302, 0.0008733001707840961, 0.0005586391363618685, 0.000591045013817668, 0.000802297556956715, -0.0008144285322420982, 0.0013965556109461535, 0.0005069585626483042, 0.0006142640131330954, 3.346445092299373e-06, 0.001053392260604061, 0.0009472976311791975, 0.0002760658332073318, 0.001024258835030272, 0.0007069280973350412, -0.00017513341803582254, 0.0008421337875672977, 0.0009291560040443159, 0.00043771391779371635, 0.0008603991163448796, 0.0007833540010791722, 0.0005884746865052688, 0.0008245217282313517, 0.0008496203175364229, 0.0008652213793243242, 0.0008756518926832332, 0.000859865672561487, 0.0005016766612791923, 0.0008685917382462773, 0.0008019226581443858, 0.0006638086390657794, 0.001014067397275355, 0.0008500160321821207, 0.0002998044846421784, 0.0007726314731998084, 0.0007764662358174548, 0.0009077375465603313, 0.0004992075251148896, 0.0005039024042623812, 0.000628122629099087, 0.0007111423962027385, 0.0007492831616507432, 0.000800191352130523, 0.0006458283725412554, 0.0007355873923419527, 0.0007312680848018529, 0.0005905042645750907, 0.0009166766609476283, 0.00047975925428557725, 0.0008259895458641388, 0.0002704769036503595, 0.0006267743869447461, 0.0005151097264281352, 0.0007120528653765257, 0.0009458332895338663, 0.0005210802586330968, 0.0008023053272021774, 0.0006891690142146493, 0.0007569398527178655, 0.0006468796902291248, 0.0006611144205331426, 0.0007297680151260845, 0.00067928126667645, 0.0009605087967517764, 0.0006033697943866824, 0.0006952283932645046, 0.0005484310133957508, 0.0003596493684150861, 0.0006495917610704045, 0.0009057543366529379, 0.0010125867473904041, 0.0008246516886041344, -0.000977124355929655, 0.0010176901298282472, 0.00046279254230039503, 0.0010781162738746027, 0.000687580139415127, 0.0007433509108730062, 0.0006717199987437795, 0.0008095268699314539, 0.0006580253230234753, 0.0006610604635245627, 0.0007298834814063236, 0.000129586421499491, 0.00025729061363034177, 0.000913010134929581, 0.0007410102642530017], [0.0004849081773681162, 0.0005230988293105013, 0.0009098757094116901, 0.00043304689403372257, 0.0010504473264465162, 0.0006524497510885764, 0.0010543671961233951, 0.001197224142880587, 0.0008903941496003736, 0.0007527670436504605, 0.0009822015613859638, 0.0013087484942816735, 0.0006186724068342895, 0.0006978291968008715, 0.0012251499866979007, -0.001320430046324792, 0.0018884161135299367, 0.0007317809911850785, 0.0008281646795099327, 3.1288760534890413e-06, 0.0014095695216878336, 0.001258469594443329, 0.00030712016930518605, 0.0013521444577873575, 0.0009253358404438303, -5.2790125097015814e-06, 0.0011425535492094933, 0.001297929568773845, 0.0007715660530414948, 0.0013265428204175423, 0.0009906808884874918, 0.0008562379813934118, 0.001141976896459807, 0.0010243963516461485, 0.0010313746156561487, 0.0012271845895549989, 0.0010240572934729255, 0.0006361245939044803, 0.0010598526421426633, 0.0010152783274721018, 0.0008477628723524688, 0.0006322242587829567, 0.00110000416986919, 0.0005473448419708612, 0.0010471063935834919, 0.0007116614614640443, 0.0011889938258139046, 0.0006415312092419072, 0.0007028105385117134, 0.0007402520121324409, 0.001036806954347746, 0.001055606833668271, 0.0008783372938515479, 0.0008520829035648215, 0.0009348032712159904, 0.0009982408898049216, 0.0008216997104403252, 0.0012370905846596015, 0.0006027337512455643, 0.0011350825316503305, 0.00045655791996710744, 0.0008396666204406241, 0.0005747100665324915, 0.0013609594562695193, 0.00114186567993912, 0.0007045571274711884, 0.0011284555928073765, 0.0009221161917893618, 0.0009091563452087438, 0.0009351411348555357, 0.0008467954368133133, 0.000902708355855756, 0.0008286981170250633, 0.0011373746089502037, 0.0006818185871024519, 0.0008015968052917079, 0.0006720963350145045, 0.0004896898164622167, 0.0008858191162699879, 0.0012119769340924581, 0.0012540827316397563, 0.001094651513207284, -0.0012251876233964859, 0.001292013930433989, 0.0005797542916072917, 0.0013578210076684281, 0.0009240250986862418, 0.0010210626594188408, 0.0007634698350751445, 0.0010081530474400227, 0.0008469172290575616, 0.0008736096086667683, 0.0008629693916855957, 0.00015002112141388485, 0.0003579803545463987, 0.0011783747763971153, 0.0008906385519575761], [0.0006638996990898889, 0.0007686947450079539, 0.001219642686126124, 0.0007149995397428116, 0.0015183293090613094, 0.0009373491402853528, 0.001197224142880587, 0.0020124312165352176, 0.001295870976494488, 0.0011275152444385201, 0.0014113426993872644, 0.0018490008058984389, 0.001043504210310967, 0.001033967639849461, 0.0018638694210188465, -0.0015160547334660435, 0.0029068096871122814, 0.0010224904867614814, 0.001249754044772551, 5.542276668550752e-06, 0.0021913386949940303, 0.0020123488109106617, 0.0004797108838585526, 0.002042275437566388, 0.001207711903074945, -4.334831513362166e-05, 0.0015773679136403024, 0.0019662633203655832, 0.0010065928423353325, 0.0018815207149008616, 0.001521392874466854, 0.001166934372403752, 0.0017167611803054156, 0.0015316254799517216, 0.0015469664660186931, 0.0017122011513890855, 0.001484959323980835, 0.0009999360593430707, 0.0016779677316021808, 0.0015382906390367115, 0.0013967255143582564, 0.0013580553655462672, 0.0017009788633790698, 0.0009294240647813092, 0.001437369204385906, 0.0012597650269626196, 0.0018739599943722138, 0.001096540827023466, 0.0009846559723528372, 0.0012155470798400892, 0.0015417358508409327, 0.0015568383953813345, 0.0014110506850712624, 0.0013544954118169408, 0.001363723277019318, 0.0015499749292995845, 0.0011191051171677568, 0.0018902781172797662, 0.000859630353345993, 0.0017753177083497194, 0.0006057715270432838, 0.001309446083637957, 0.0009767877192446955, 0.0018007777182592955, 0.0017183046716330935, 0.001092035155264884, 0.0016366416748971274, 0.0016029685310431285, 0.0014813230884227694, 0.0013459331255221833, 0.00135886715555366, 0.001423210493972411, 0.0012233836049034997, 0.0017730051545242144, 0.0010402543465885816, 0.0012838440594115004, 0.0009175767246539345, 0.0004457786824162092, 0.0013389734966879432, 0.0019091362579197163, 0.0018875931760242118, 0.0017370329897984547, -0.001735115913204015, 0.0017423518151980198, 0.0008123692452886676, 0.002171118385119795, 0.0013306140555510119, 0.001557407262304417, 0.0013118233953827163, 0.0014995090777631564, 0.0012714158383808883, 0.0011880600781727629, 0.0012286371162107885, 0.00030554730269417374, 0.0004345369787769556, 0.0017976855514759609, 0.0013995141030312883], [0.000464716133282924, 0.0004725240004914241, 0.0009082031538470253, 0.0004854384627383479, 0.0010857117542448877, 0.0006545070667165985, 0.0008903941496003736, 0.001295870976494488, 0.001173777474444229, 0.0006011079388887387, 0.0008907018349214317, 0.0014394942411734106, 0.0007442007404898796, 0.0008711676171043072, 0.001221654375031597, -0.0011775615408246734, 0.001924793555557307, 0.00072789788186697, 0.0009230179390344333, 3.2251267929572455e-06, 0.0014880690702179392, 0.0014208116043099865, 0.0005377647913690531, 0.001381647824937714, 0.000902736328630887, 0.00014928207147798354, 0.0011119295846142604, 0.001259552182953935, 0.000688496201399666, 0.0013290906841111193, 0.0010109880056754182, 0.0009573233518351086, 0.0012874019656551087, 0.0011099557536479138, 0.0010566706228356771, 0.0012494098039002213, 0.0011182807071267046, 0.0006888631491815144, 0.0011267588281927401, 0.0010849148601549303, 0.0009981270184358868, 0.0008021867512799767, 0.0011492274217831883, 0.0006987988558973246, 0.0010846586074045044, 0.0008671178142106167, 0.0012549968841422034, 0.0007529348411913311, 0.000705023978845315, 0.0008154022180237046, 0.001050732986111729, 0.00121298176880772, 0.001052029261314821, 0.0009468760372515066, 0.000924910183483716, 0.001035141541068429, 0.0007422743043451243, 0.0012971574482177884, 0.0005131567179110816, 0.0012390908105014058, 0.0004943159243686702, 0.00086618719263721, 0.0006388289788018031, 0.0012038998365538542, 0.0011012216383471574, 0.0007355944444944453, 0.0011434479807578301, 0.000999369643834299, 0.001107285467498899, 0.0010472365878917073, 0.0009442687234439642, 0.0008981984784658476, 0.0008200726339963359, 0.001214741260729489, 0.0004650433930075712, 0.0009046114082405509, 0.0006325299127099665, 0.0005545908335583557, 0.0009487436888757759, 0.0012589244179625869, 0.001292161515740661, 0.001180653711395583, -0.0012851087729328083, 0.0011997994650508326, 0.000576712022253229, 0.0014806745998555263, 0.001032329253138421, 0.0010452176130229867, 0.0009554243506264294, 0.00111486142890717, 0.0009173271134698153, 0.0008308387371296945, 0.0009508972336171526, 0.00025716594735224326, 0.00030883552743714125, 0.0011731627737108525, 0.0010532946130968382], [0.00039781122665927076, 0.0004615021816735579, 0.0005546870686413176, 0.00047510515472945605, 0.0008868452452520199, 0.0004985535339755411, 0.0007527670436504605, 0.0011275152444385201, 0.0006011079388887387, 0.003087586819793728, 0.000913069382614093, 0.0009783499403750691, 0.0002622753501062767, 0.0003203527803884659, 0.0012629335338480818, -0.00027419482180161543, 0.0015039182826194907, 0.00044944532831127566, 0.0007468578603574777, 4.7846307725489825e-06, 0.001515944330706785, 0.001372028415310347, 0.0006311270582224216, 0.0012530935188468898, 0.0008099141805556881, -0.0002537312112989479, 0.0009690865610342276, 0.0015571055739752396, 0.0005905096894800756, 0.0011209393063941627, 0.000984938372216987, 0.000716102213283574, 0.0010360017186806603, 0.0008508912776741714, 0.0009628942148415692, 0.001201344901418642, 0.00111392223182688, 0.0006609109800667334, 0.0012341864189773127, 0.00070559967270895, 0.0006530430616875026, 0.0008065418582184839, 0.0012252232948395292, 0.00017358198831919186, 0.0009687669886333023, 0.00039777623862290265, 0.0012736444790750778, 0.00036219965197300304, 0.0005531591439902873, 0.0005841238509308583, 0.0009334192013795926, 0.0010389017697026665, 0.0006735529717335076, 0.0008560967041478327, 0.0009231518021206015, 0.0008904843969660661, 0.0007082399030401044, 0.0011010445176368616, 0.0006089582278931873, 0.0009349235107029397, -3.768141498662563e-05, 0.0008327379719836086, 0.000463357564602873, 0.0014898441794764328, 0.0010758572714014167, 0.0005692832527829217, 0.0007201340385432319, 0.0009381006816208742, 0.000852845330212073, 0.0006385400259538593, 0.0008472180391271358, 0.0006749466761071293, 0.0008466697926585085, 0.0011891287253382376, 0.0005198461973741046, 0.0005214538064951834, 0.00044863979662928736, 0.00046712357795088936, 0.0007216520233446207, 0.0012990033134977039, 0.0010885533116109984, 0.0011324284819946046, -0.0002871126712550986, 0.0006267716430926827, 0.000211956183849025, 0.001182985339373376, 0.0004542687201483186, 0.0011509060390426902, 0.0005291957121507569, 0.0009453242298896387, 0.0008460538654936779, 0.0007187398864312647, 0.0006876017028201282, 0.0008187978744275838, 0.00014026350023487979, 0.0012257197366044934, 0.0009119655536029066], [0.0004781175098166483, 0.0007083923908430173, 0.0010791482965778758, 0.000561536320731619, 0.0011059531837847355, 0.0008426841129375302, 0.0009822015613859638, 0.0014113426993872644, 0.0008907018349214317, 0.000913069382614093, 0.002032383176528977, 0.0011902580271634566, 0.0007495861171791423, 0.0006171242470488915, 0.0012357465094693793, -0.0015451732632284084, 0.002273791121652457, 0.0008913636992649939, 0.0007955488807454861, 3.2250843220609346e-06, 0.0013499462991229665, 0.0015346085469651759, 0.00042319891356703144, 0.0016071671544081708, 0.0014099826934614807, 5.306056736175981e-05, 0.0012579728897205023, 0.00143800575190984, 0.0007392932391144039, 0.0013429207454594984, 0.0009101028886006775, 0.0005971963842916105, 0.0011829745537583589, 0.0011674084195012044, 0.001233340566582285, 0.0012706713865815852, 0.001200027939069726, 0.0007742210819521895, 0.0011902080391990267, 0.0011517182577548163, 0.0008749279250604231, 0.0009592678778170918, 0.0013516088453002974, 0.0006406690445000924, 0.0011483986535239469, 0.0008718475365490933, 0.0014318915160443123, 0.0006672558958327352, 0.0007338000783842934, 0.0008642183878549172, 0.0012319995056467971, 0.0011201335442350565, 0.0010496290365207845, 0.0010086761787158444, 0.0011262482241166027, 0.001083930676310556, 0.001000104783641878, 0.0014765849624325, 0.0008382748621545212, 0.0012935971134246187, 0.00046987335998898214, 0.0009304151564267198, 0.0007533629254184, 0.0015221521567894464, 0.0022982707889010593, 0.0006684401030265307, 0.0012781445039545662, 0.0011193982223935233, 0.0011344819357805506, 0.0010612650481823351, 0.0010300251424264196, 0.0012840045709394943, 0.0010663266662397706, 0.0014499052283095924, 0.0009059035979151893, 0.0010258827502567839, 0.0008727887636729672, 0.00032507470991063756, 0.0008773808416358195, 0.0014926967347485968, 0.0014010114566222016, 0.0012761040544349556, -0.001305515731958629, 0.0014310463736360443, 0.0006382647139781573, 0.0013274661186438007, 0.0009296706722499127, 0.0011849463478441824, 0.0008004118180032294, 0.001084643400385228, 0.0010695665147784686, 0.0008638881674228513, 0.0009436413694300127, 0.00012472719294908465, 0.00040802996161635953, 0.0013524862366749227, 0.0011224076758785703], [0.0008552432138275034, 0.0008662956969376805, 0.0015149873965690668, 0.0008554838047118794, 0.001658600448734515, 0.0008733001707840961, 0.0013087484942816735, 0.0018490008058984389, 0.0014394942411734106, 0.0009783499403750691, 0.0011902580271634566, 0.004518434764118598, 0.0010998295979069812, 0.0011640029758603573, 0.0020781472661920955, -0.0018146966243572326, 0.00330750187818706, 0.0011714796030847213, 0.0014609105613649183, 5.42711895423445e-06, 0.0026778207107100954, 0.0023318027155106403, 0.0013829435235160142, 0.0019337343205471774, 0.0014298603048969539, -6.816478394724873e-05, 0.001409234811615467, 0.0020729117179660063, 0.0010856289353224741, 0.00171857474537687, 0.001516785093006751, 0.001203832536211105, 0.0018577627955179352, 0.00157876092098148, 0.0016108820503541311, 0.0017949479209655229, 0.0016769080478408844, 0.0014964547162481347, 0.001968538697922345, 0.0014730373440640563, 0.001519586555728918, 0.00038493810978329593, 0.0016042012021813463, 0.001025757771471993, 0.0016550423059084737, 0.001164476055295425, 0.0017641963824779876, 0.0011334144270086712, 0.0010766507568878822, 0.0011061850857121542, 0.0017502509707507314, 0.0016271083942708978, 0.0016040481469188547, 0.0014051986585716673, 0.0012988676577827746, 0.0013512774719601035, 0.0013635206111802382, 0.001855017558080067, 0.000952130920032419, 0.0016800007929954307, 0.0004237991863928013, 0.0012696591557043065, 0.0007597260300408648, 0.002085541738544414, 0.0019509577393566808, 0.0010522880224058196, 0.0016524984696718867, 0.0016741244163555858, 0.0017899376928505746, 0.0014353491882798325, 0.0014088119526272395, 0.0012723426397694725, 0.0012354583261562175, 0.0016531554601942509, 0.0011623081644051515, 0.001868966964382943, 0.0008282773035577554, 0.0008141067327958695, 0.0013573037178328902, 0.0019431654752595437, 0.0017598314693516776, 0.0016671126711550297, -0.001591986663969294, 0.001606388700416152, 0.0007510622899085232, 0.002056800722848751, 0.0019454291147000273, 0.0015545891791880712, 0.0013309030938324156, 0.0017541541956508206, 0.0010811411258289051, 0.0015477052739179752, 0.0012450207052154677, 0.0005337699488586327, 0.0004496820756338165, 0.0016333898033321866, 0.0017345022119463298], [0.00035719433190536655, 0.00039607470608332587, 0.0006196270587454469, 0.0003619773320816204, 0.0007782396287426322, 0.0005586391363618685, 0.0006186724068342895, 0.001043504210310967, 0.0007442007404898796, 0.0002622753501062767, 0.0007495861171791423, 0.0010998295979069812, 0.00122933618945379, 0.0007329848268218047, 0.0007850947818245003, -0.0006515370950492474, 0.0014898516333434577, 0.0004979860862652894, 0.0006623113960851709, 3.071262937244472e-06, 0.0009493292536481429, 0.0009829529788689347, 0.00016258330608971428, 0.001031546956089749, 0.0006753456730651322, 8.532985836444544e-05, 0.0007565344270025997, 0.0011608477948813075, 0.0005254972868555979, 0.0009108336756918244, 0.0008037594246427779, 0.00035129080713955146, 0.0009563346496546504, 0.0008099459806039336, 0.0007451392527276693, 0.0008900139013349061, 0.0007318266847963325, 0.00048196091772587937, 0.0008020889518271106, 0.000998598280708836, 0.0009217824737800586, 0.00035413163232304135, 0.0008148333623867857, 0.0008395871998891455, 0.0007194308081124834, 0.0009276842233767131, 0.000919539570782644, 0.0008362789541442693, 0.00036943225804870024, 0.0005712397764828335, 0.0007466806192494154, 0.0007426396465816332, 0.0008773576021909073, 0.0007253463493544094, 0.0007030786728529652, 0.0008218719030602611, 0.0005870676717579531, 0.0009712056191100695, 0.0004660769080009331, 0.0009572754398135989, 0.0006284092619258846, 0.0006537814866295713, 0.0005449905914151105, 0.0009530166697413382, 0.0008776950805214048, 0.0006342734451905083, 0.0008936527111561575, 0.0010400221596884606, 0.0007575200262246494, 0.0006557859840459732, 0.000714246418628523, 0.0007874205943376038, 0.0006033041900101882, 0.0008451668671387903, 0.0004524238829582375, 0.0005876720076102737, 0.00048373626354328595, 0.0002949344265893563, 0.0006594937786151523, 0.00082166894519884, 0.001013770857747928, 0.0009273789246824881, -0.001202881717812038, 0.0011127608938548258, 0.0005420415845672822, 0.0011232992855125929, 0.000778030817942092, 0.0007062240089099722, 0.0007960804431975118, 0.0008819508234450876, 0.0006441483867673408, 0.0006385046680641664, 0.0006636138575505128, 0.0002785157183772271, 0.00019863553210159237, 0.0008706201330498113, 0.0007364167452397623], [0.00039977855757612106, 0.0003446704147349981, 0.000736789055035815, 0.00034974505781110805, 0.0009131959239219976, 0.000591045013817668, 0.0006978291968008715, 0.001033967639849461, 0.0008711676171043072, 0.0003203527803884659, 0.0006171242470488915, 0.0011640029758603573, 0.0007329848268218047, 0.00115680847562405, 0.0009053369917154795, -0.0008953089971740199, 0.0015369677667016466, 0.0005573277114382715, 0.0007435418452623091, 3.1513000764764675e-06, 0.0011991533799555198, 0.0010541764987459414, 0.0004300909435856628, 0.0011098259871718816, 0.0008537751396034178, 0.00011912330474516723, 0.0009328126610021543, 0.0009305298855679078, 0.0006467269382380436, 0.0011147240140969043, 0.0009616460155207604, 0.0006496648713097915, 0.0011037277693323163, 0.0008190578399907689, 0.0008843266525561858, 0.001029621688402648, 0.000856212872367402, 0.0005276478533908142, 0.0009359048011160997, 0.0009180550425064206, 0.0008979917640018468, 0.00045420267765376704, 0.0008765548269631866, 0.0007292844842124585, 0.000903299679826892, 0.0007575426273848223, 0.0010152546930482737, 0.0007113607445110493, 0.0005501856032977951, 0.000625129993516104, 0.0008568818702360853, 0.000896619034032161, 0.0008538297394562917, 0.000768553799794616, 0.0007271796824005666, 0.0009107037128069656, 0.0005520550144646473, 0.0010552841989019818, 0.00041577239509285195, 0.0009929074651737193, 0.0005277420286102718, 0.0007529299834918901, 0.0005707683841849688, 0.0010499598172207852, 0.0007387333844540335, 0.0006973696117413017, 0.0009351592189107916, 0.0009296499852542453, 0.0009572946238941293, 0.0008358997701328028, 0.0007682311453829014, 0.0006576286230250138, 0.0006397911466759154, 0.0008550328047476251, 0.0002634618905525469, 0.0007399205094759316, 0.0005254901972791618, 0.0007568799822384893, 0.0008320293577347164, 0.0009995471421746802, 0.0010931358677906552, 0.0010018495580981265, -0.0013026737448171037, 0.0013119735938655784, 0.0006079653425191116, 0.001383076276503945, 0.0008843754833264255, 0.0008407747415969748, 0.0008653306089921172, 0.0009449096226885233, 0.0006859566932334625, 0.0007066289751201404, 0.0008281617300448684, 0.00015738353799549012, 0.0003347586582115326, 0.0009716199739446826, 0.0008233897200555577], [0.0006883845708207771, 0.0007843405169980609, 0.0011422765932168836, 0.0008158043059684812, 0.0014556039171075518, 0.000802297556956715, 0.0012251499866979007, 0.0018638694210188465, 0.001221654375031597, 0.0012629335338480818, 0.0012357465094693793, 0.0020781472661920955, 0.0007850947818245003, 0.0009053369917154795, 0.0025546790642303617, -0.0015909609300456728, 0.002740262026288519, 0.001016497684422662, 0.0011506026461130636, 4.298301111072775e-06, 0.0027535875579221387, 0.001896036161600858, 0.0009206619345527753, 0.0019369092004531887, 0.0012085686362770722, -1.0709026850696265e-05, 0.001585024355641538, 0.0018592238557300878, 0.000981258056357534, 0.001945256600987201, 0.0014102233507893947, 0.001310998676854442, 0.0016565382090465586, 0.0015229484391186363, 0.0014008098352618708, 0.001712708435974688, 0.0015280009824872784, 0.0009255886405387876, 0.0016880928738018221, 0.0013914896458238398, 0.0013293948766902649, 0.001132504375378634, 0.00167987113877592, 0.0007692074000100226, 0.0015247904497612125, 0.001081317426035409, 0.0017575205343397543, 0.0010355843222614697, 0.0010086775510442611, 0.0011538719198320908, 0.001590062119856185, 0.0015786708000486204, 0.0013665235890236301, 0.0011964006973257675, 0.001300641346450828, 0.0014028361248780337, 0.00123657761360706, 0.001828198591659658, 0.0008690870821325805, 0.0016377956329002177, 0.0003986305338514806, 0.0012387692384428584, 0.0007792238333838283, 0.001821694220829071, 0.0014914427411371006, 0.0009873239647840012, 0.0016124084464034251, 0.001484705560775179, 0.0013298229384839677, 0.0013723541460661567, 0.0011996953144239862, 0.0013102645788505226, 0.001266918687539437, 0.0019090829894999929, 0.0011820508172543328, 0.0012191626000012967, 0.000851173766932626, 0.0004554693338797979, 0.0012610690680009906, 0.001932505524832681, 0.0016927543269847287, 0.0016209879625964597, -0.001582333023318943, 0.0016009250047378332, 0.0007432123771391474, 0.002054047197949752, 0.0012257533166178747, 0.0015018855979584537, 0.0011581255934975706, 0.0015227909077729347, 0.0011825395607955984, 0.0012334865814071804, 0.0012495676521463387, 0.00038731651251256485, 0.00041412435628405617, 0.0018391816782191573, 0.0013833352642207903], [-0.000838292180600583, -0.0008973970626742998, -0.0016215837823044664, -0.0006740745068640883, -0.0011812386306243876, -0.0008144285322420982, -0.001320430046324792, -0.0015160547334660435, -0.0011775615408246734, -0.00027419482180161543, -0.0015451732632284084, -0.0018146966243572326, -0.0006515370950492474, -0.0008953089971740199, -0.0015909609300456728, 0.004831278391191502, -0.00274379806278323, -0.0016648778394035984, -0.0009564232225284551, -5.49710118720413e-07, -0.0017618056877159115, -0.0016886693249418246, -0.0005462075741959423, -0.001707809823370551, -0.0013564050018259133, -0.0013326131598408873, -0.001220798759332365, -0.0022338427611979803, -0.0010996384436131152, -0.0020272699078711623, -0.0010362882664433637, -0.001233517659495599, -0.0013832567645764504, -0.0011972351945789923, -0.0016734167657102134, -0.001514776569327152, -0.0016440604046560853, -0.0007090282297175039, -0.0013438930817023585, -0.0009471132570101309, -0.0011870724585293431, -0.0006813234504990024, -0.0012729607028848042, -0.00079285697028276, -0.0014844367127061072, -0.00024229236279873446, -0.0014079214691495082, -0.0007741428947967099, -0.0010530312572908113, -0.0011337980366121565, -0.0013428386981532917, -0.0015309049336975215, -0.001292009157057118, -0.0012808297764710318, -0.0011438164232629967, -0.0012079101192005832, -0.001184959289888334, -0.0016543427621222022, -0.0010074177213470036, -0.001436156103293418, -0.00037705872126470296, -0.001095059459406651, -0.0005622883767319686, -0.0016426908187344208, -0.001728275104231187, -0.0011465448740186008, -0.0016864472007613613, -0.0013435257556634213, -0.0014709030759391883, -0.0012536300429684412, -0.00125752682641649, -0.0014036268658989656, -0.001248704813803185, -0.0014754564103806511, -0.0010665004069627911, -0.0014336479668019375, -0.0009585281078843976, 0.00030909488421522225, -0.0010780110658074372, -0.001827061282693244, -0.0015009370025811757, -0.0009516822370688951, 0.001787415694260603, -0.001964770716350246, -0.0008507309018399539, -0.001216216418726225, -0.0013268759241329134, -0.0011904780788806284, -0.0009966593602437357, -0.0012180634109800238, -0.0012675245844953806, -0.00148302501487465, -0.0011658129806599736, -0.0003225811570488454, -0.0007873239927275839, -0.0013283040330302883, -0.0014150161182648565], [0.0010791983860897578, 0.0013419711346878839, 0.0023913121722296082, 0.0010541287314652333, 0.0024182634937458306, 0.0013965556109461535, 0.0018884161135299367, 0.0029068096871122814, 0.001924793555557307, 0.0015039182826194907, 0.002273791121652457, 0.00330750187818706, 0.0014898516333434577, 0.0015369677