{
    "mu": [
        0.00043221237788004834,
        -8.478051504195303e-05,
        0.0019369845670104667,
        -0.0010735484309001167,
        -0.0011878855362685353,
        0.003263968784562174
    ],
    "sigma": [
        [
            0.0004818800012085719,
            0.0002235671638992208,
            0.0001937482496170217,
            0.00021957427634489865,
            -0.0001938879188876476,
            0.00010709238693165315
        ],
        [
            0.0002235671638992208,
            0.0007505760554067219,
            0.00022138948612875848,
            0.00035432507133152685,
            0.00022951318766374903,
            0.00021139178198548847
        ],
        [
            0.0001937482496170217,
            0.00022138948612875848,
            0.000500476242479396,
            0.00023023897139631735,
            0.00012028939564458601,
            0.00021222825481069396
        ],
        [
            0.00021957427634489865,
            0.00035432507133152685,
            0.00023023897139631735,
            0.0009832647772154792,
            0.0004682688620144375,
            0.00045428022572949764
        ],
        [
            -0.0001938879188876476,
            0.00022951318766374903,
            0.00012028939564458601,
            0.0004682688620144375,
            0.0010795046318898874,
            0.0003405013488533112
        ],
        [
            0.00010709238693165315,
            0.00021139178198548847,
            0.00021222825481069396,
            0.00045428022572949764,
            0.0003405013488533112,
            0.005009309055329301
        ]
    ],
    "assets": [
        {
            "Asset": "ETHBTC",
            "Open": 0.067361
        },
        {
            "Asset": "LTCBTC",
            "Open": 0.002689
        },
        {
            "Asset": "BNBBTC",
            "Open": 0.014126
        },
        {
            "Asset": "NEOBTC",
            "Open": 0.000407
        },
        {
            "Asset": "QTUMETH",
            "Open": 0.002023
        },
        {
            "Asset": "LOOMBTC",
            "Open": 2.45e-06
        }
    ]
}